[/home/oleg/.xdp-C++.Primer.5th.Edition_2013.pdf-08J8Is]
page=5
offset=0
zoom=1.2296270695925737
rotate=0
pages-per-row=1
first-page-column=1:2
page-right-to-left=false
position-x=0.45578231292517002
position-y=0.00517579071190371
time=1710742821
jumplist=

[aDCpu/8HJD3JmiKIAdPgtLQZx+Q5iLpRckaxJU1ig2w=]
page=5
offset=0
zoom=1.2296270695925737
rotate=0
pages-per-row=1
first-page-column=1:2
page-right-to-left=false
position-x=0.45578231292517002
position-y=0.00517579071190371
time=1710742821
